3094 4814
0 189 30
0 191 60
0 193 90
1 246 30
1 247 30
1 249 30
2 135 30
2 402 30
3 570 180
3 590 180
4 980 60
4 2174 60
5 7 60
5 15 60
5 25 60
5 41 60
5 47 60
6 57 60
6 58 60
6 60 60
7 7 60
7 22 180
7 23 120
7 24 120
7 25 180
7 32 60
7 39 120
7 346 480
8 336 30
8 339 60
8 344 30
9 22 120
9 25 60
9 35 90
9 2695 180
10 41 60
10 44 30
10 46 180
11 13 60
11 14 60
11 31 60
11 98 60
12 52 120
13 17 240
13 24 240
13 33 60
13 97 180
14 19 30
14 24 60
15 15 60
15 21 60
15 39 60
15 59 60
16 28 60
16 30 60
16 201 60
17 17 60
17 26 60
17 30 60
17 31 60
17 103 360
17 201 60
17 209 30
18 24 60
18 38 30
19 28 30
20 35 60
20 50 60
21 33 60
21 59 120
22 25 60
22 42 60
22 2695 60
23 32 60
23 35 60
23 36 60
23 2665 60
25 42 180
25 2695 120
26 28 60
27 34 30
27 2665 30
28 29 60
28 34 60
29 36 60
29 37 60
30 37 60
33 38 30
33 60 120
33 96 30
33 99 60
35 35 30
35 36 60
35 49 60
35 263 240
37 50 180
37 222 60
40 44 30
40 46 60
41 45 60
42 377 60
43 48 60
43 354 60
45 48 60
45 195 60
46 186 60
46 187 60
46 2695 60
47 2715 60
48 195 120
49 52 60
50 50 30
50 55 60
50 232 30
51 54 60
51 55 60
52 134 360
52 277 60
53 54 60
53 223 180
53 228 30
53 277 60
53 2709 30
54 228 90
54 277 180
54 2709 30
54 2733 420
54 2734 660
56 59 60
56 351 60
56 354 120
57 62 540
58 346 60
59 346 180
61 62 60
61 63 60
61 173 60
61 174 60
62 158 60
63 64 60
64 97 60
65 78 60
65 182 90
66 68 60
66 77 30
67 69 120
67 77 90
67 78 60
68 70 120
68 71 60
68 74 120
68 85 120
68 87 60
68 101 240
68 249 300
68 346 600
69 71 60
70 89 60
71 72 120
71 73 120
71 76 60
71 82 60
71 346 420
72 79 60
73 73 30
73 74 60
73 76 120
73 82 30
73 86 30
74 87 360
74 89 30
75 86 30
75 254 60
75 2741 120
76 255 60
76 2699 60
77 81 30
79 182 120
79 2698 120
80 81 30
80 2192 120
83 88 60
83 89 60
84 89 30
84 112 180
84 130 60
85 88 60
87 125 60
90 98 60
90 336 60
90 339 120
91 95 30
91 97 60
91 168 120
91 171 120
92 96 30
92 100 60
93 97 30
93 99 30
94 98 60
94 339 120
95 171 30
95 178 30
97 99 120
98 205 60
100 383 60
101 124 60
101 125 120
102 119 60
102 316 20
102 342 30
103 208 60
103 214 60
103 233 240
103 392 60
103 393 120
104 122 30
104 126 60
105 133 30
105 368 60
106 148 60
106 2198 20
107 107 30
107 113 30
107 373 30
107 1344 30
108 109 30
108 1591 60
109 311 30
110 133 30
110 290 80
110 291 120
111 112 60
111 118 60
111 297 60
113 333 60
113 376 60
114 149 180
114 400 60
114 2197 120
115 119 30
115 3089 30
116 169 120
116 172 120
116 284 120
116 286 120
117 155 20
117 281 20
118 278 60
120 251 30
120 418 60
121 136 30
121 304 30
122 1969 30
123 125 60
123 249 60
124 2185 30
126 128 60
127 218 120
127 1157 0
127 1159 180
128 385 30
129 130 60
129 245 30
131 366 120
131 407 120
131 1981 120
131 1982 240
131 1984 120
132 248 30
132 300 60
134 331 60
134 1348 30
135 261 30
135 262 60
136 258 30
137 141 60
137 145 30
138 140 60
138 352 120
139 141 60
139 403 120
139 2700 120
140 151 60
140 152 60
142 147 60
142 193 300
142 352 60
143 144 60
143 147 60
143 2873 120
144 146 60
144 148 60
144 154 60
144 348 60
144 2873 120
145 147 120
145 150 60
145 151 0
145 153 60
146 153 30
149 149 30
149 348 30
150 152 30
150 153 30
154 2698 30
155 160 20
156 157 60
156 161 60
156 346 60
157 157 60
157 158 60
157 159 60
157 162 60
157 164 60
158 166 60
158 167 60
159 165 60
160 166 60
161 167 60
162 352 180
162 357 180
163 165 60
163 183 60
164 257 60
168 169 120
168 171 60
168 172 60
168 286 300
168 384 60
169 169 30
169 172 30
170 306 180
170 387 30
170 389 30
170 390 120
170 394 180
173 174 60
173 177 60
174 175 60
175 178 60
176 177 60
176 179 60
179 278 60
180 181 60
180 184 30
180 2699 60
181 185 30
182 184 30
183 185 30
183 352 240
186 191 30
186 2715 30
187 192 60
188 189 60
188 192 60
189 191 60
190 193 60
190 195 60
192 194 60
192 371 60
192 2581 180
193 199 60
193 237 180
193 483 420
193 965 660
193 1533 1380
193 2559 240
193 2753 480
194 2580 60
196 198 60
196 2559 60
197 198 60
197 199 60
198 199 60
199 200 60
200 398 120
201 211 60
202 203 60
202 204 60
203 210 30
204 213 60
204 315 600
205 206 60
205 207 120
206 213 60
206 336 60
207 209 30
207 213 60
207 336 60
208 210 30
208 211 60
208 214 30
208 233 180
208 315 660
208 2702 150
211 214 60
211 215 60
211 233 120
211 2702 90
212 215 60
212 2702 30
213 214 180
213 341 120
213 3089 30
214 233 180
216 217 60
216 220 30
216 335 60
217 1295 60
218 218 30
218 219 30
219 220 30
221 222 60
221 233 30
223 224 60
223 226 60
223 227 120
223 228 120
224 228 30
224 229 20
224 2709 30
225 228 0
225 2709 120
225 2901 30
226 226 30
226 231 60
226 234 30
226 2872 60
227 228 30
227 230 0
229 235 20
230 234 30
231 233 30
232 234 30
232 2872 30
233 2702 150
235 236 20
235 2857 60
236 2746 30
236 2857 60
237 239 60
237 242 60
237 350 120
238 238 60
238 243 30
239 241 30
239 242 60
239 244 30
240 241 120
240 243 60
240 244 30
241 241 0
241 359 60
242 242 60
243 244 30
245 250 30
246 247 60
246 249 60
246 251 30
246 2146 180
247 248 30
247 250 30
249 415 240
252 253 60
252 256 120
252 2667 60
253 254 60
255 257 60
256 257 60
257 2667 120
258 261 240
258 262 120
258 265 60
259 260 180
259 263 60
259 266 120
259 3060 30
260 374 180
261 262 60
261 265 30
261 268 120
262 265 60
262 268 180
263 266 60
263 268 60
263 272 30
263 273 60
263 277 60
263 318 120
264 272 30
264 318 30
265 267 30
266 268 60
267 268 30
269 3060 0
270 271 0
270 274 60
271 274 60
273 275 60
273 277 60
274 3060 60
275 276 120
275 2709 30
276 306 180
278 279 30
279 280 30
279 281 60
282 296 180
282 405 120
283 293 30
283 299 20
284 286 30
284 2644 30
285 297 30
285 301 30
286 288 30
286 289 60
286 296 20
286 303 30
287 288 20
287 290 0
287 292 30
288 296 60
289 291 60
289 296 60
290 291 30
292 2644 30
293 302 30
293 2668 120
294 300 60
294 301 60
294 302 120
294 416 30
295 301 240
295 302 60
295 416 90
296 299 20
296 366 180
296 368 240
297 298 60
298 303 60
298 2668 120
300 301 30
300 302 60
301 302 60
304 2720 30
305 307 0
305 308 60
306 308 60
307 310 60
309 310 30
309 2666 30
311 312 30
311 315 30
312 315 20
312 316 20
313 314 30
313 315 30
314 317 30
315 317 30
318 321 60
318 326 60
318 327 60
318 328 60
319 326 30
319 335 20
319 1294 20
320 325 30
320 326 30
320 335 20
321 326 30
321 328 120
322 323 30
322 332 30
323 327 30
323 333 60
323 334 60
324 325 30
324 2780 30
326 335 30
328 330 60
329 331 60
330 331 60
332 334 30
335 335 30
337 341 60
337 344 60
338 340 60
338 341 60
339 383 60
340 383 180
341 342 30
343 380 120
343 383 0
345 356 60
345 358 60
346 351 60
346 356 60
347 353 60
347 360 60
349 352 30
349 360 30
350 354 60
351 354 60
351 355 60
353 354 60
353 355 60
353 360 120
357 358 60
357 360 60
359 360 60
361 364 0
361 413 60
362 367 60
362 369 60
363 367 60
363 368 30
363 369 60
364 367 60
364 370 30
365 366 60
365 370 60
365 407 300
366 367 60
367 368 60
367 370 120
368 368 30
371 373 30
372 375 60
372 377 60
372 378 120
373 378 120
374 375 60
374 376 60
377 378 60
379 379 30
379 382 30
379 385 30
380 383 60
380 384 30
381 382 30
381 383 30
382 384 30
386 388 60
386 390 60
386 394 60
387 391 60
388 394 60
389 390 60
389 392 60
391 393 60
393 393 60
393 2746 30
394 2370 60
394 2373 60
395 397 60
395 401 0
396 398 20
396 2559 140
396 2568 20
396 2753 260
397 399 120
397 400 60
398 398 20
398 400 60
398 403 30
399 401 60
402 404 30
404 2780 30
405 410 30
405 412 60
405 414 60
405 416 120
405 417 60
406 407 60
406 409 120
406 415 60
408 409 60
408 2187 60
409 415 60
410 410 30
410 413 60
410 414 0
411 412 60
411 415 60
411 416 30
412 415 120
415 417 60
415 418 60
415 1993 900
419 422 30
419 429 120
419 433 60
420 421 60
420 434 30
421 425 240
421 427 60
422 426 30
423 426 60
423 431 120
423 437 240
424 426 30
424 428 30
425 429 480
425 1523 660
425 1524 300
426 427 30
426 428 180
427 2878 60
428 429 30
429 2739 60
429 3086 0
430 431 60
430 447 120
431 432 180
432 437 60
433 440 60
434 1531 60
435 438 120
435 933 180
436 437 60
436 595 240
436 1703 60
438 439 60
439 441 240
439 2739 60
440 441 60
440 499 60
440 2685 120
441 442 60
442 448 60
443 445 60
443 446 60
443 447 60
443 448 60
444 446 60
444 481 60
445 597 180
447 448 60
449 451 60
449 453 30
449 460 60
449 461 60
450 450 60
450 451 60
450 456 60
450 465 120
450 468 120
450 535 60
450 545 120
450 2726 30
451 3056 60
452 454 60
452 455 60
452 491 60
453 463 60
454 463 60
454 464 30
455 461 120
455 463 60
455 3018 120
456 460 60
456 462 60
456 545 60
457 458 60
457 515 120
458 477 60
459 461 60
459 515 60
460 461 60
461 462 60
461 463 120
461 464 30
461 468 60
461 515 120
462 2726 30
463 464 60
463 498 60
465 466 60
465 468 60
465 473 60
466 472 60
466 474 60
466 3055 180
467 469 60
467 470 60
468 535 120
469 532 60
470 473 120
470 544 120
470 3057 90
471 474 60
471 546 60
472 474 60
472 532 60
473 546 60
475 476 30
475 517 60
475 2642 60
475 2732 30
476 477 60
477 3055 60
478 479 120
478 551 120
478 2661 240
479 480 60
480 483 120
480 485 180
480 521 120
481 509 60
481 544 180
481 3057 90
482 486 60
482 533 60
482 549 60
483 521 60
483 2559 600
483 2576 360
484 485 30
484 486 30
485 521 30
487 488 60
487 491 60
487 3018 120
488 489 60
489 490 60
489 554 120
491 515 120
491 3018 60
492 493 120
492 495 120
492 502 60
493 494 120
493 502 180
494 495 120
495 2540 240
495 2545 300
496 498 60
496 2323 180
497 538 60
497 2562 60
498 3056 180
499 508 30
499 2685 60
500 502 60
500 516 60
500 542 60
501 502 60
501 2558 60
501 2562 360
501 2573 480
502 516 60
503 508 30
503 552 30
504 505 60
504 513 60
504 525 60
505 553 60
506 511 60
506 512 60
507 508 30
507 509 30
507 512 120
508 510 120
508 513 0
510 511 60
510 512 120
510 513 120
510 514 60
510 529 60
511 514 60
514 523 60
515 515 30
515 516 60
515 518 120
515 554 120
515 2588 540
515 3018 90
516 554 240
517 519 60
517 2642 30
517 2732 120
518 519 60
519 537 60
520 2642 30
520 2732 60
521 524 120
521 525 60
522 524 120
522 525 60
522 530 30
523 526 60
523 531 60
524 525 60
525 534 60
526 531 60
527 529 60
527 534 60
528 530 30
528 532 60
531 532 120
531 533 60
532 533 60
535 577 60
536 537 60
536 539 60
536 540 60
536 543 120
537 538 60
539 540 30
539 541 60
540 543 30
541 543 120
542 543 60
544 546 60
544 547 60
544 3057 30
545 547 60
546 547 60
548 550 30
548 2573 180
548 2576 30
549 550 30
551 552 60
552 553 60
552 951 180
552 2661 180
554 1381 60
555 556 60
555 565 60
555 566 30
556 564 30
556 568 30
557 558 60
557 577 60
557 579 60
558 561 60
558 563 120
558 578 60
559 560 120
559 567 0
559 568 30
559 575 120
559 2992 240
560 567 60
560 2688 120
560 2710 60
561 565 30
561 583 60
562 563 60
562 567 60
562 574 60
563 567 120
564 567 30
566 576 30
567 572 120
567 574 120
567 575 60
569 571 120
569 1150 120
570 571 60
570 573 60
570 582 180
570 2664 180
571 2354 120
572 575 60
572 579 120
572 2697 60
572 2710 60
573 2688 60
574 579 60
575 579 60
575 2992 240
576 590 30
576 596 60
576 2354 300
577 578 60
580 581 120
580 1114 180
580 2672 240
581 582 60
582 588 120
583 586 60
584 585 120
584 3063 300
585 586 60
587 589 60
587 595 60
587 1714 120
587 1724 720
588 589 60
588 2664 300
589 595 120
590 596 30
590 1704 300
591 592 120
591 595 60
592 594 120
593 596 60
593 597 60
595 596 0
595 1714 180
596 597 180
598 599 0
598 600 60
598 601 60
598 602 60
598 658 360
598 1771 240
599 724 60
600 601 60
600 683 180
601 602 120
601 1892 180
601 1904 300
602 722 60
603 604 120
603 755 120
604 606 120
604 750 60
604 751 60
604 755 60
605 607 60
605 781 180
605 1477 240
605 1485 180
606 608 30
606 610 30
606 759 120
607 610 60
608 609 60
610 732 240
610 733 300
610 736 60
610 781 240
611 621 60
611 626 60
612 614 60
612 618 120
612 622 60
613 615 60
613 705 30
614 618 120
614 619 60
614 624 60
615 621 60
615 624 120
615 657 180
615 663 180
615 762 180
615 765 60
615 1896 300
616 617 60
616 762 120
616 765 120
617 621 60
617 746 120
619 624 120
619 724 30
620 624 60
620 724 120
621 624 60
621 625 60
621 762 420
621 765 240
622 627 60
623 638 60
623 643 60
624 718 180
625 746 60
626 1897 300
627 648 60
628 629 60
628 721 60
628 731 60
628 737 180
629 631 60
629 731 120
630 632 60
630 732 60
630 735 360
630 736 120
631 633 60
631 737 240
632 633 60
632 736 120
632 1698 120
634 636 30
634 688 60
634 1762 60
635 636 30
635 1747 60
635 1748 60
637 656 120
637 667 60
637 700 60
637 711 60
638 701 60
639 663 120
639 690 60
640 640 60
640 657 60
641 666 60
641 679 120
641 694 30
641 698 60
641 702 30
642 683 60
642 698 120
643 659 60
644 659 60
644 673 300
644 692 120
644 701 60
644 702 240
645 649 30
645 679 60
646 647 60
646 653 60
646 690 60
646 692 60
647 663 120
648 686 30
649 672 30
650 656 120
650 691 60
651 655 60
651 712 60
652 655 300
652 662 30
653 667 60
654 658 60
654 663 120
654 702 60
654 709 60
655 677 30
655 684 30
655 3039 30
656 700 30
656 711 30
657 668 60
657 678 300
657 706 30
657 747 900
657 764 420
657 774 180
657 780 180
657 1915 300
657 2998 60
658 663 180
658 664 60
658 680 60
658 681 60
658 709 60
658 2788 60
659 673 30
660 699 60
660 707 60
661 665 60
661 675 120
662 3039 210
663 675 180
663 678 120
663 690 120
663 704 60
663 706 60
663 709 30
663 764 240
663 774 600
663 780 180
664 693 60
665 671 60
665 682 60
665 711 60
665 712 60
665 727 120
665 730 180
666 679 60
666 703 60
666 710 60
667 690 180
667 700 60
667 701 60
668 706 60
668 777 60
668 778 60
669 692 60
669 701 120
670 704 60
670 778 60
670 785 60
672 676 30
673 703 30
674 696 30
674 702 30
675 690 60
675 3039 60
676 678 30
677 708 30
678 688 120
678 694 30
678 1760 240
680 698 180
681 687 30
682 691 60
684 684 60
684 689 30
684 3084 60
685 689 30
685 695 30
686 687 30
688 696 60
689 3084 30
690 2998 120
691 700 120
693 705 30
695 706 30
695 2998 60
697 708 30
697 752 60
698 702 60
699 711 60
700 701 120
701 728 60
704 709 120
710 719 30
713 714 60
713 766 60
713 769 120
714 716 120
714 717 60
714 743 300
714 764 180
715 717 120
715 747 180
716 718 60
717 718 60
717 747 240
717 1665 120
718 747 300
719 729 30
720 768 60
720 785 60
721 747 60
721 748 60
722 1743 60
723 725 60
725 738 60
726 741 60
726 744 60
726 773 30
727 730 60
727 1640 180
727 1641 180
727 1644 60
728 1914 60
729 1764 30
729 2785 60
731 734 20
731 776 60
732 735 60
732 740 120
733 735 60
733 736 60
734 739 20
735 736 60
735 739 20
735 740 180
738 740 60
741 744 120
741 745 60
742 743 60
742 744 60
743 745 60
743 770 180
744 746 60
747 748 60
747 1695 60
747 1698 120
748 1661 120
749 754 60
749 758 60
750 751 60
751 755 180
751 1486 120
752 758 120
752 761 60
753 754 60
753 760 30
754 754 0
754 756 30
754 757 60
754 759 60
755 757 30
756 757 30
756 759 30
758 761 60
758 775 180
758 1626 360
759 760 60
759 780 180
760 784 20
761 774 30
761 1629 420
761 1633 240
762 762 30
762 764 120
762 765 30
762 767 60
763 766 30
763 769 60
764 765 60
764 766 30
764 767 60
766 2693 60
767 768 60
769 2693 60
770 771 60
770 772 60
770 1518 390
770 1520 300
770 2728 360
771 773 30
772 1516 600
772 2728 360
772 2879 120
774 775 30
774 1628 300
775 1629 300
775 1633 60
776 778 60
777 779 60
779 780 30
780 781 20
781 782 20
782 783 20
783 784 60
783 2769 20
784 2769 20
786 791 120
786 792 120
787 788 120
787 789 60
789 790 60
790 796 120
791 794 60
792 793 60
793 2286 120
794 796 60
795 797 60
795 1936 180
797 799 60
798 799 60
798 800 60
800 801 120
802 828 120
802 831 420
802 2867 120
803 861 120
803 864 180
804 825 180
804 843 60
804 875 120
804 2494 120
804 2497 60
805 808 60
805 837 180
805 876 120
805 2670 180
806 838 60
806 2450 60
807 847 120
807 859 180
808 835 60
808 844 120
809 827 60
809 877 60
810 850 60
810 867 120
811 824 180
811 845 120
812 866 180
812 877 60
813 816 120
813 819 60
813 2643 60
814 817 120
814 826 120
814 831 180
814 2883 60
814 2996 60
815 830 60
815 2507 120
816 874 60
817 818 120
817 819 180
817 820 240
817 823 120
817 826 120
817 831 180
818 819 60
818 821 60
818 823 120
819 821 120
819 823 120
819 828 120
819 831 180
819 2862 120
820 822 60
820 825 180
820 826 120
820 830 120
820 2862 180
820 3021 60
821 827 60
821 831 420
821 867 540
821 2881 60
821 3045 120
822 826 60
822 3021 60
823 2862 60
824 831 180
825 831 120
825 875 120
825 876 120
825 2497 240
825 2862 120
826 830 180
826 831 180
826 2862 240
827 3041 60
829 882 120
829 2643 60
830 831 120
830 2862 60
830 2887 120
831 845 540
831 873 480
831 876 240
831 2535 600
831 2862 120
832 833 60
832 844 120
833 2514 180
833 2538 360
833 3078 360
834 835 60
834 839 120
834 840 120
836 837 120
836 1417 60
837 838 60
837 2447 180
837 2670 60
837 2884 60
839 840 60
840 2670 180
841 842 60
841 1449 60
842 849 240
843 844 120
843 2497 120
844 2670 480
845 846 180
845 1400 120
845 2708 120
846 1415 120
847 848 120
847 3042 60
848 3082 60
849 871 180
849 872 180
850 852 60
851 852 60
851 853 60
853 858 120
854 855 60
854 880 120
855 881 120
855 2705 120
856 857 60
856 870 240
856 3043 60
857 857 420
857 862 60
858 867 120
859 860 120
860 879 660
860 2681 60
861 862 60
861 863 240
861 864 60
863 864 60
864 865 60
865 881 120
865 2705 180
866 868 60
867 868 120
867 869 120
867 2704 60
868 869 60
870 3082 60
871 2996 60
872 2996 60
873 874 120
873 879 180
873 2680 120
874 879 120
875 2885 180
876 2862 180
878 880 60
878 882 120
881 3062 120
883 884 120
884 964 60
885 887 30
885 923 30
885 968 180
885 2738 30
886 887 60
886 955 60
886 990 120
886 991 120
888 889 60
888 898 60
890 892 30
890 898 30
891 892 30
891 902 60
891 2774 360
892 892 30
892 895 30
893 894 30
893 896 120
893 2751 30
894 895 30
895 896 180
897 966 60
897 970 60
897 972 60
899 965 60
899 973 60
900 901 60
900 967 60
900 981 60
901 982 30
902 932 30
903 905 60
903 913 120
903 922 60
904 910 30
904 913 30
904 921 120
905 909 120
905 913 120
905 918 120
905 921 60
905 997 240
906 912 60
906 920 120
906 970 240
907 913 60
907 920 60
907 922 60
908 919 180
908 922 60
909 919 60
910 917 30
911 916 60
911 919 60
911 923 30
912 917 60
912 970 120
912 2736 120
913 913 30
913 920 30
914 921 60
914 960 120
914 961 60
915 918 60
915 2751 60
916 955 120
919 925 60
919 997 120
920 970 120
920 2684 60
921 2786 60
922 2737 120
923 2738 90
924 926 30
924 928 30
925 926 60
925 997 120
926 927 60
926 985 60
927 930 60
928 930 60
929 930 60
929 948 180
929 993 60
931 932 30
931 933 30
933 3086 270
934 994 90
934 1507 240
935 937 60
935 938 60
936 937 60
936 991 60
938 2279 60
939 940 60
939 948 30
939 999 60
940 945 60
940 949 30
941 942 30
941 945 60
941 948 60
941 2651 90
942 945 60
942 948 30
943 946 30
943 947 30
944 946 60
944 956 180
944 1664 300
946 949 30
947 996 60
948 956 240
948 995 60
948 999 60
950 951 60
950 953 60
950 3025 120
951 953 120
951 2661 60
951 3025 60
952 953 60
952 960 120
954 956 60
954 957 30
955 957 30
955 990 120
955 991 120
956 958 60
958 959 60
959 2752 60
960 2786 120
961 963 30
962 963 30
962 965 60
963 964 60
965 2753 60
966 969 60
966 971 60
967 967 30
967 971 30
967 972 120
968 969 60
968 2684 60
968 2738 120
970 972 60
973 975 60
973 976 30
974 975 0
975 976 30
975 3024 60
975 3025 120
976 3025 180
977 978 60
977 981 60
978 980 60
979 982 30
979 983 30
981 983 60
982 2248 90
984 985 120
984 987 120
985 986 60
986 987 60
988 989 60
988 990 60
989 991 60
992 994 30
992 998 30
992 2765 120
993 998 30
993 2766 60
994 994 30
994 995 30
995 996 30
995 999 60
996 999 60
998 2765 120
998 2766 60
1000 1007 30
1000 1009 30
1001 1005 30
1001 2633 30
1002 1004 60
1002 1978 30
1003 1004 30
1003 1010 30
1005 1006 30
1005 1008 30
1007 1008 60
1009 1010 60
1011 1013 120
1011 2604 120
1012 1013 60
1012 1021 60
1014 1019 120
1014 1021 60
1015 1017 240
1015 1019 120
1015 1020 60
1015 2808 720
1016 1019 120
1016 1020 180
1017 1018 180
1018 3046 300
1018 3083 240
1022 1027 60
1022 1286 90
1023 1024 60
1023 1027 60
1023 1029 60
1023 2889 240
1024 1027 60
1024 1028 60
1024 1035 120
1024 1050 60
1025 1026 60
1025 1027 120
1026 1098 180
1027 1028 60
1027 1035 60
1027 1038 540
1027 2038 240
1027 2428 0
1028 1035 60
1029 1058 60
1029 2891 60
1030 1031 60
1030 1034 60
1030 1047 120
1030 2044 180
1030 2045 240
1031 1032 60
1031 1033 60
1031 1034 120
1031 1051 180
1032 1060 60
1033 1051 120
1033 1060 120
1033 2045 240
1034 2410 60
1034 2424 240
1035 1063 120
1035 1069 180
1036 1040 120
1036 1042 240
1036 1054 120
1036 1060 120
1037 1039 60
1037 1045 180
1037 1048 60
1038 1040 120
1038 1041 120
1038 1042 60
1038 1043 60
1038 1044 60
1038 1045 60
1038 1046 60
1038 1063 180
1038 1067 60
1038 2038 240
1038 2062 420
1038 2428 240
1039 1045 120
1039 1068 360
1040 1042 60
1040 1046 60
1041 1043 60
1042 1042 120
1042 1043 60
1042 1052 120
1042 1069 180
1043 1046 60
1043 1067 60
1044 1048 180
1044 2052 180
1044 2054 240
1045 1046 60
1045 1068 120
1045 2671 180
1046 1067 60
1046 1068 180
1047 1054 60
1048 1049 60
1048 1051 60
1048 2041 120
1048 2045 180
1049 1051 60
1050 1053 60
1052 1053 60
1054 1055 60
1054 1059 120
1054 1060 60
1055 1059 60
1055 1060 60
1056 1057 60
1056 1065 120
1057 1061 60
1058 1059 60
1058 2891 60
1059 2890 60
1061 1069 60
1062 1063 60
1062 1067 60
1063 1064 60
1063 1065 60
1063 1066 60
1063 1067 180
1064 1066 60
1064 1099 60
1065 1066 60
1065 2889 300
1066 1069 240
1067 1069 60
1070 1076 60
1070 1077 60
1070 1078 120
1070 1089 60
1070 1096 60
1070 1127 240
1070 1132 120
1071 1073 60
1071 1118 120
1071 1119 300
1072 1074 60
1072 1075 60
1072 1076 60
1072 1092 420
1072 1097 60
1072 1137 180
1072 2994 60
1073 1151 180
1074 1075 60
1075 1103 60
1076 1078 60
1076 1089 60
1076 1093 180
1076 1094 120
1076 1095 180
1076 1097 60
1077 1079 60
1077 1096 60
1077 1097 240
1077 1127 180
1078 1084 120
1078 1089 60
1078 1125 60
1079 1130 60
1079 2995 60
1080 1081 60
1080 1152 120
1081 1117 120
1082 1111 60
1082 1150 120
1083 1105 180
1083 1146 120
1084 1110 180
1084 1125 60
1084 1129 60
1084 1131 120
1084 1134 60
1084 1147 120
1084 1148 120
1084 1194 120
1084 1215 600
1084 1219 540
1084 1274 180
1084 1278 240
1085 1086 60
1085 1093 30
1085 1095 60
1085 1097 30
1086 1087 60
1086 3080 60
1087 1141 180
1087 1149 60
1088 1091 60
1088 2333 60
1090 1092 60
1090 1142 180
1091 1092 180
1091 1093 60
1091 1095 60
1091 3080 120
1092 1093 120
1092 1095 60
1092 1100 540
1092 1111 120
1092 1145 360
1092 2332 300
1092 2333 180
1093 3079 120
1094 1097 120
1094 1145 180
1096 1136 60
1097 1100 840
1098 1100 60
1098 1102 180
1098 1108 60
1099 1101 60
1100 1101 60
1100 1103 60
1104 1105 60
1104 1106 60
1106 2347 180
1106 2348 240
1107 1108 60
1107 1109 60
1109 1132 420
1109 1133 60
1109 1135 240
1110 1125 120
1110 1148 120
1111 1112 60
1112 1113 60
1113 1139 120
1114 1115 60
1114 2672 180
1115 1139 120
1115 2672 240
1116 1138 30
1116 2673 30
1117 1118 60
1117 1151 60
1118 1119 180
1118 1124 240
1119 1120 60
1119 1121 60
1119 1265 180
1119 1728 300
1120 1406 60
1121 1263 360
1121 1265 180
1122 1124 60
1122 1138 120
1122 1143 180
1123 1124 60
1123 1141 120
1123 1143 180
1123 1151 120
1123 1152 120
1124 1151 240
1124 1152 180
1126 1127 60
1126 1134 60
1127 1129 60
1127 1131 60
1127 3044 120
1128 1130 60
1128 1133 60
1128 1135 60
1128 1136 60
1130 1132 60
1130 1135 60
1131 1135 60
1132 1134 60
1137 1145 240
1138 1266 180
1138 2673 120
1140 1142 60
1140 1143 60
1144 1145 60
1144 1146 60
1147 1148 60
1147 1194 180
1147 1274 120
1147 1278 300
1149 2993 120
1153 1156 30
1153 1158 60
1154 1156 30
1154 3026 60
1155 1160 180
1157 1159 120
1158 1595 60
1159 1595 120
1160 3029 60
1161 1165 660
1161 1176 60
1161 2023 240
1161 2024 360
1162 1164 120
1162 1166 240
1162 2006 300
1163 1173 60
1163 1174 240
1163 1175 240
1163 1178 240
1163 1179 300
1164 1165 240
1164 2006 420
1164 2024 180
1165 1169 420
1165 1170 480
1165 1171 240
1165 2024 300
1166 1166 60
1166 1167 150
1166 1880 840
1167 1168 0
1167 1880 480
1168 1172 30
1169 1170 60
1169 1171 60
1169 1172 120
1170 1172 60
1171 1173 60
1174 1175 60
1174 1176 60
1175 1178 300
1175 1179 300
1177 1178 60
1177 1179 60
1178 1850 480
1178 1882 180
1179 1882 240
1180 1181 60
1180 1203 60
1180 1227 180
1181 1182 60
1181 1250 120
1181 1251 120
1182 1183 60
1182 1250 120
1183 1272 60
1184 1187 120
1184 1256 180
1184 1257 180
1184 1259 180
1184 1465 300
1184 2893 180
1185 1186 60
1185 1262 120
1186 1187 60
1186 1188 60
1186 1192 120
1187 1192 180
1188 1213 60
1189 1193 60
1189 2424 120
1190 1191 60
1190 1197 60
1191 1198 60
1191 1200 60
1192 1202 60
1192 1267 240
1193 1203 60
1194 1196 60
1194 1279 120
1195 1281 60
1195 1282 120
1195 2455 60
1196 1197 60
1196 1278 180
1197 1200 300
1197 1204 120
1197 1205 60
1197 1224 180
1198 1200 120
1198 1272 120
1198 1273 180
1199 1206 60
1199 1243 60
1200 1200 30
1200 1209 180
1200 1273 60
1200 1276 30
1200 1277 120
1200 1286 120
1200 1287 120
1200 1289 120
1201 1245 60
1201 2453 60
1201 3023 60
1202 1263 240
1202 2861 120
1203 1219 120
1203 1230 180
1204 1205 60
1204 1269 120
1205 1224 60
1206 1217 60
1207 1247 120
1207 2414 60
1208 1247 120
1208 2414 120
1209 1287 120
1209 1288 120
1209 1289 60
1210 1269 60
1210 2864 60
1211 1212 60
1211 1253 60
1211 1268 60
1212 1268 60
1213 2729 60
1214 1228 60
1214 1268 120
1215 1220 180
1215 1222 120
1215 1224 60
1215 1230 120
1216 1218 60
1216 1223 120
1216 2892 60
1217 1220 360
1217 1223 120
1217 1229 240
1218 1220 60
1218 1228 60
1218 1270 120
1218 2892 60
1219 1220 120
1219 1222 60
1219 1224 120
1219 1230 120
1220 1221 180
1220 1222 60
1220 1223 300
1220 1225 180
1220 1226 360
1220 1270 120
1220 1285 360
1221 1222 180
1222 1223 60
1222 1225 60
1222 1228 180
1222 1230 180
1223 1223 420
1223 1229 60
1223 1230 300
1223 1260 600
1223 2740 660
1225 1269 60
1226 1227 120
1226 1229 480
1226 1248 60
1227 1230 60
1229 1282 180
1229 1285 60
1230 1285 420
1231 1232 60
1231 1233 180
1231 1264 120
1232 1428 180
1232 1435 540
1232 2868 120
1232 2987 180
1233 1262 120
1233 1263 120
1234 1235 60
1234 1242 60
1235 1236 60
1236 1238 60
1236 3058 60
1237 1239 60
1237 1240 60
1238 1244 120
1239 1240 60
1239 1241 60
1239 2768 360
1240 1243 120
1240 1244 180
1241 1242 60
1243 3022 60
1244 1245 60
1244 3058 300
1245 2674 120
1245 3022 120
1246 1248 60
1246 1249 60
1247 1249 60
1250 1252 60
1251 1252 120
1252 2423 60
1253 1261 60
1253 2729 120
1253 2858 60
1254 1257 60
1254 1258 60
1254 2740 120
1255 1260 240
1255 1284 120
1255 2740 180
1256 1260 60
1256 1261 60
1256 2729 60
1257 1259 120
1258 1261 60
1259 1465 60
1260 1261 60
1260 2740 60
1260 2893 60
1261 2740 120
1262 2722 60
1263 1267 60
1264 1266 60
1265 1266 60
1266 1267 60
1267 2860 120
1268 2892 60
1269 1271 180
1270 2859 60
1272 1273 60
1274 1277 60
1275 1276 60
1275 1277 60
1277 1288 120
1278 1279 60
1280 1283 60
1280 1284 60
1281 1282 60
1282 1283 60
1282 1285 60
1286 1287 30
1286 1289 60
1287 1288 30
1287 1289 60
1290 1291 30
1290 1297 30
1291 1293 0
1292 1293 0
1292 1295 180
1292 1296 30
1292 1345 60
1292 1349 60
1293 1296 60
1294 1296 30
1295 1296 60
1296 1296 30
1297 1383 30
1298 1299 60
1298 1300 60
1299 1312 120
1299 1314 60
1299 1320 60
1300 1301 60
1301 1362 120
1301 1381 60
1302 1378 30
1302 3090 30
1303 1306 120
1303 1307 60
1303 1326 60
1303 1388 180
1304 1315 30
1304 1392 120
1304 1394 30
1305 1338 60
1305 2560 60
1306 1327 60
1306 1397 60
1307 1388 60
1308 1309 60
1308 1310 60
1308 1318 60
1309 1318 60
1310 1312 120
1310 1314 120
1310 1316 30
1310 1322 60
1311 1315 20
1311 1319 20
1312 1314 120
1312 1319 20
1312 1321 30
1312 1366 360
1313 1319 60
1313 1322 60
1314 1320 60
1315 1322 60
1315 1323 30
1316 1317 120
1316 1322 60
1316 3090 30
1317 3090 60
1320 1324 15
1320 1367 60
1320 1369 15
1321 1357 30
1322 1323 30
1324 1360 15
1325 1326 60
1325 1327 60
1328 1330 30
1328 1383 30
1329 1330 60
1329 1331 60
1331 1340 60
1332 1333 60
1332 1340 60
1332 1342 30
1333 1335 30
1334 1335 30
1334 1336 30
1334 1338 60
1334 1343 30
1335 1338 60
1336 1337 30
1337 1340 180
1337 1341 60
1337 1342 30
1337 1350 60
1339 1340 60
1339 2561 60
1340 1340 30
1340 1341 30
1340 1346 30
1341 1346 20
1343 1344 30
1345 1349 60
1346 1349 20
1347 1349 60
1347 1383 30
1348 1350 30
1348 3064 60
1349 1349 20
1349 1350 60
1350 3064 120
1351 1360 15
1351 1366 30
1352 1355 30
1352 1356 120
1352 1369 30
1352 1399 60
1353 1361 60
1353 1366 30
1353 1368 60
1354 1354 120
1354 1358 60
1354 1362 60
1354 1363 60
1354 1364 60
1354 1368 60
1355 1355 60
1355 1356 120
1355 1357 60
1355 1399 30
1358 1361 30
1358 1363 30
1359 1366 60
1359 1368 60
1361 1366 60
1362 1363 60
1362 1367 60
1363 1367 120
1364 1375 60
1365 1366 120
1365 1369 60
1366 1369 30
1366 1388 360
1370 1375 60
1370 2317 30
1371 1376 60
1371 1390 30
1372 1377 30
1373 1374 60
1373 1376 60
1374 1375 60
1375 1377 30
1378 1379 60
1378 1380 30
1379 3085 90
1380 2544 60
1380 2562 960
1380 3085 30
1382 1383 120
1382 1386 60
1383 1385 30
1384 1386 60
1384 1387 60
1385 1393 60
1385 1396 120
1385 1592 60
1385 2756 120
1386 1387 60
1388 1389 60
1389 1390 30
1391 1393 30
1391 1394 30
1392 1395 120
1392 3036 120
1395 1396 60
1397 1398 60
1398 1399 60
1400 1401 60
1400 1402 120
1401 1402 60
1401 1403 60
1401 1419 120
1402 1409 180
1402 2704 180
1403 1419 120
1403 1466 120
1404 1408 60
1404 1425 180
1405 1407 60
1405 1408 60
1406 1407 60
1406 2694 300
1407 2694 60
1409 1412 60
1409 1413 60
1409 1414 240
1409 1419 300
1409 1420 120
1409 1422 120
1409 1423 240
1409 1435 180
1410 1411 60
1410 1435 120
1411 1412 60
1411 1414 120
1411 1415 60
1412 1414 180
1413 1435 120
1414 1439 120
1416 1417 60
1416 1418 60
1418 1463 60
1419 1420 60
1419 1421 60
1419 1466 300
1421 1422 120
1421 1423 180
1422 1423 60
1424 1425 60
1424 1426 60
1424 2755 60
1424 2869 60
1426 1427 60
1427 1433 120
1427 1435 120
1428 2755 60
1428 2987 180
1429 1437 60
1429 1455 60
1429 1467 60
1429 2865 120
1429 2866 300
1430 1431 60
1430 1441 180
1430 1455 120
1430 2754 120
1431 1441 60
1431 2754 60
1431 2865 60
1431 2866 60
1432 1433 60
1432 1453 120
1432 2894 120
1434 1436 60
1434 1437 60
1434 1439 120
1434 1440 180
1434 3092 60
1435 1438 60
1435 1453 240
1436 1437 120
1436 1438 120
1436 2754 120
1436 2894 120
1437 1441 240
1437 2866 240
1437 3092 120
1438 3092 120
1440 1440 120
1440 1441 60
1441 1443 60
1441 2754 180
1442 1443 60
1442 1445 60
1444 1445 60
1444 1447 60
1444 1448 60
1444 1450 60
1445 1446 60
1446 1447 60
1447 1450 180
1447 1459 120
1448 1449 60
1451 1452 60
1451 2443 60
1452 1461 180
1453 1454 60
1453 1456 60
1453 2743 120
1454 1458 120
1455 1456 60
1455 1468 180
1457 1462 60
1457 1465 60
1458 1460 120
1458 1464 60
1458 2743 120
1459 1463 120
1460 1467 60
1461 1462 60
1461 1464 60
1463 1464 60
1464 2464 840
1465 2893 240
1466 1725 180
1466 1727 120
1469 1470 120
1469 1471 60
1469 1472 120
1469 1475 120
1470 1471 120
1471 1848 300
1472 1473 60
1473 1474 60
1474 1475 60
1475 1479 60
1476 1497 60
1476 2068 120
1477 1486 120
1477 1500 120
1478 1496 60
1478 1499 60
1479 1494 30
1480 1482 60
1480 1483 60
1480 1502 60
1481 1482 60
1481 1491 30
1482 1483 60
1483 1498 120
1483 1499 60
1484 1486 60
1484 1487 120
1484 1500 120
1485 1486 60
1486 1500 120
1486 2904 120
1487 1488 60
1487 1495 120
1488 1495 120
1489 1490 60
1489 1492 30
1490 1493 120
1490 1494 120
1491 1492 30
1493 1494 0
1493 1495 30
1494 1613 120
1494 2904 120
1496 1497 60
1498 1499 60
1501 1504 60
1501 1505 60
1502 1504 60
1503 1505 240
1503 1862 120
1505 1505 0
1506 1520 120
1506 1535 120
1506 2645 60
1507 1508 60
1507 1511 120
1507 1514 120
1507 1686 420
1507 1695 540
1508 1509 180
1508 1511 120
1508 1514 180
1509 1511 60
1509 2662 60
1510 1511 60
1510 1512 60
1510 2647 60
1511 1514 60
1511 1519 120
1512 1513 120
1512 1514 60
1512 1515 60
1512 2647 60
1513 1514 120
1513 1515 120
1514 1515 60
1514 1690 120
1515 1517 60
1516 1516 60
1516 1518 60
1516 1519 60
1517 1519 60
1518 1519 30
1518 1690 30
1518 2879 390
1519 1520 420
1520 2645 0
1520 2646 30
1521 1522 60
1521 1530 120
1521 1551 180
1521 1558 120
1521 1576 120
1521 2645 360
1522 1576 120
1522 2645 300
1523 1525 60
1523 1557 780
1523 1564 120
1524 1525 60
1524 1528 600
1524 1531 600
1524 1546 480
1524 1550 600
1524 1554 660
1524 1560 480
1524 1561 600
1524 1564 120
1524 1710 360
1524 1739 1080
1524 2880 480
1525 1570 120
1525 1710 180
1525 1711 180
1526 1527 30
1526 1534 30
1527 1531 120
1528 1529 60
1528 1546 180
1528 2669 60
1528 2880 300
1529 1546 300
1529 1739 180
1529 2669 60
1530 1575 120
1530 1888 300
1531 1533 60
1532 1538 60
1532 2749 60
1533 1554 60
1533 1566 120
1533 1567 120
1533 2653 540
1534 1554 120
1535 1562 60
1536 1580 60
1536 1889 180
1537 1548 60
1537 1577 60
1537 1581 60
1538 1578 60
1539 1540 60
1539 2297 120
1540 1583 60
1541 1544 60
1541 1545 120
1541 1551 60
1541 1556 120
1542 1544 60
1542 1549 60
1543 1550 60
1543 1555 60
1543 3005 60
1544 1545 120
1544 1551 60
1544 1557 60
1544 1579 180
1544 2731 120
1545 1551 120
1545 1555 60
1545 2880 300
1546 1550 420
1546 1552 60
1546 1557 180
1546 1560 300
1546 2880 60
1547 1548 60
1547 1550 120
1547 1556 60
1549 1559 60
1549 2660 120
1549 2713 180
1550 2307 1200
1550 3005 120
1551 1552 120
1551 1556 120
1551 1557 60
1552 1557 120
1552 2880 120
1553 1560 180
1553 2730 60
1554 1557 60
1556 1557 240
1557 1560 240
1557 1565 210
1558 1559 120
1558 2653 120
1559 2660 30
1560 1563 60
1561 1562 60
1561 1563 60
1564 1565 30
1565 1567 60
1565 1739 360
1566 1567 60
1568 1569 60
1568 2292 180
1568 2309 120
1569 1572 60
1570 1571 60
1570 1710 120
1570 1711 180
1571 1702 120
1572 1573 60
1573 1574 60
1574 1584 180
1574 3005 180
1575 1576 60
1575 1902 120
1577 1578 60
1577 1580 180
1577 1581 60
1577 1583 300
1579 1581 60
1579 1582 120
1579 1894 240
1580 1582 60
1583 1584 60
1583 2749 120
1584 3005 300
1585 1588 20
1585 1589 30
1586 1590 30
1586 1591 30
1587 1587 20
1587 1588 20
1589 1590 30
1592 1594 60
1593 2716 60
1594 2711 30
1596 1599 60
1596 2899 120
1597 1598 60
1597 1603 120
1598 1599 120
1600 1602 60
1600 1756 180
1601 1602 60
1601 2844 120
1601 2961 300
1603 1746 60
1604 1607 60
1605 2988 60
1605 2989 120
1606 1607 120
1606 2988 60
1608 1609 60
1608 1653 180
1609 1610 60
1609 1612 120
1610 1612 120
1610 1622 120
1610 1650 120
1611 1612 30
1611 1622 30
1612 1613 120
1612 1647 180
1613 1622 60
1613 1648 120
1614 1616 60
1614 1617 300
1614 1631 240
1615 1616 30
1615 1623 30
1616 1645 120
1616 1847 240
1617 1619 30
1617 1645 60
1617 1646 240
1617 1881 780
1618 1620 30
1618 1631 30
1619 1621 30
1620 1621 30
1621 1645 120
1621 1654 180
1622 1647 120
1623 1868 120
1624 1632 30
1624 1653 30
1625 1633 120
1625 1639 120
1626 1627 60
1626 1630 60
1626 1632 60
1627 1628 0
1627 1633 60
1628 1629 780
1628 1631 120
1628 1633 30
1628 1654 120
1629 1630 120
1629 1653 60
1630 1631 30
1631 1646 720
1634 1635 60
1634 1858 60
1634 1870 180
1635 1654 60
1636 1637 60
1636 1649 180
1637 1649 120
1637 1650 60
1638 1639 120
1638 1641 60
1639 1641 60
1640 1641 120
1640 1642 60
1640 1644 120
1641 1642 120
1641 1643 60
1641 1644 120
1641 2385 120
1641 2386 120
1641 2395 180
1642 1644 60
1643 2395 240
1645 1646 60
1646 1863 360
1646 1881 60
1647 1650 60
1648 1649 60
1648 1650 60
1649 1650 60
1651 1652 0
1651 1653 30
1652 1654 0
1655 1656 60
1655 1697 120
1656 1661 60
1656 1665 120
1656 1666 60
1656 1693 60
1656 1695 60
1656 1696 60
1656 1698 60
1657 1668 60
1657 1669 120
1657 1675 60
1657 2752 120
1658 1679 30
1658 1687 30
1658 1694 120
1659 1663 60
1659 1664 60
1660 1662 60
1660 1684 60
1661 1694 120
1662 1663 60
1663 1664 60
1664 1669 60
1664 1672 60
1665 1666 60
1666 1667 60
1667 1695 60
1668 1669 60
1668 1675 60
1669 1670 60
1669 1675 120
1670 2194 120
1671 1671 30
1671 1672 60
1671 1673 30
1671 1676 60
1674 1679 120
1674 1680 60
1675 1676 60
1677 1678 60
1677 1679 60
1677 1688 60
1677 1694 300
1678 1680 60
1678 1688 120
1679 1680 120
1679 1683 60
1679 1686 120
1679 1694 180
1679 1696 60
1681 1689 30
1681 1691 60
1681 2692 60
1682 1684 60
1682 1686 60
1682 1687 60
1682 1688 60
1682 1689 60
1682 1695 300
1683 1693 60
1684 1686 60
1684 1688 30
1685 1686 30
1685 2651 60
1686 1687 60
1686 1688 60
1686 1689 30
1686 1690 120
1686 2651 120
1690 1691 60
1690 1692 60
1690 2728 60
1691 1692 60
1691 2692 60
1692 2728 60
1693 1696 60
1693 1697 120
1694 1695 60
1696 1697 120
1696 1698 60
1699 1700 60
1699 1705 120
1699 1717 240
1700 1705 120
1700 1720 300
1700 1734 240
1700 1739 120
1700 1741 120
1700 2298 120
1700 2305 360
1700 2880 480
1701 1724 180
1701 1725 480
1701 1731 60
1701 1733 60
1701 1735 120
1702 1704 60
1703 1704 60
1703 1712 240
1703 1714 180
1704 1712 240
1704 1715 240
1704 1718 300
1704 1735 420
1704 2727 120
1705 1706 60
1705 1739 60
1705 1741 120
1706 1709 60
1706 1719 240
1706 1726 300
1707 1708 60
1707 1733 60
1708 1709 60
1708 1719 180
1709 1717 60
1709 1719 180
1709 2305 240
1710 1711 60
1710 1729 60
1710 1737 60
1710 1740 120
1711 1737 240
1711 1740 180
1711 1742 240
1712 1713 120
1712 1714 60
1712 1715 120
1712 1728 120
1713 1715 60
1713 1718 60
1713 1731 540
1714 1715 60
1716 1717 60
1716 1720 180
1716 1721 180
1716 1722 120
1716 1723 120
1717 1720 180
1717 1721 240
1719 1723 120
1719 1725 180
1719 1726 60
1719 1731 240
1719 1735 300
1720 1721 60
1720 2298 240
1720 2303 180
1720 2305 120
1721 1722 120
1722 1723 60
1724 1725 60
1724 1726 60
1724 1733 180
1724 1735 300
1725 1726 60
1725 1727 60
1726 1727 180
1727 1731 300
1727 1735 420
1728 1730 60
1729 1740 120
1730 1731 60
1730 1732 60
1730 1735 60
1731 1732 60
1731 1735 60
1732 1733 420
1732 1735 120
1732 1736 60
1732 1738 150
1733 1735 180
1734 1739 120
1735 2694 480
1736 1738 60
1737 1738 30
1737 1740 120
1739 1741 120
1740 2727 60
1743 1744 60
1743 1769 120
1744 1745 120
1744 1766 120
1744 1769 180
1744 1891 300
1744 1909 780
1744 1910 480
1744 1912 660
1744 2905 120
1745 1766 120
1746 1755 60
1747 1748 60
1747 1749 60
1747 1752 60
1747 1755 180
1747 1765 60
1747 1766 240
1747 1767 60
1747 1922 120
1747 2905 180
1748 1760 60
1749 1750 60
1749 1753 30
1749 1754 60
1749 1755 360
1749 1759 540
1749 1763 360
1749 2905 240
1750 1751 60
1750 1754 120
1751 1752 60
1753 1754 60
1753 1756 60
1753 1922 30
1753 2905 120
1754 1755 300
1755 1756 60
1755 1759 60
1755 1763 300
1755 1923 300
1756 1922 60
1756 1923 180
1757 1759 60
1757 1770 600
1757 1772 480
1758 1760 60
1758 1762 60
1759 1772 540
1760 1764 60
1760 1765 120
1760 1766 60
1760 1767 60
1760 2905 180
1761 1762 60
1761 2785 120
1762 1766 60
1762 2905 180
1763 1766 30
1765 1768 60
1766 1768 30
1766 1769 480
1766 2905 240
1767 1768 60
1768 1771 600
1768 2905 420
1769 1771 60
1770 1771 60
1770 1772 60
1771 1772 60
1771 1891 120
1773 1776 120
1773 1777 180
1774 1775 120
1774 1779 180
1775 1776 60
1777 1777 60
1777 1778 120
1778 1785 120
1779 1779 60
1779 1782 240
1780 1781 60
1780 1786 60
1781 1783 120
1782 2482 120
1783 1784 60
1784 1787 180
1785 1786 120
1787 2896 180
1787 2926 1980
1787 2940 240
1787 2946 600
1787 2949 360
1788 1797 30
1788 1842 30
1789 1789 12600
1789 1806 60
1789 1809 150
1789 1820 60
1789 1838 300
1789 2069 240
1790 1795 60
1790 1797 120
1791 1808 120
1791 1831 120
1791 1846 360
1791 2718 30
1791 3047 60
1792 1840 60
1792 2636 60
1793 1798 120
1793 1801 60
1793 1803 60
1793 1828 60
1794 1799 60
1794 2712 30
1795 1816 90
1796 1813 120
1796 1814 180
1796 1817 20
1796 1837 900
1796 3054 20
1798 1815 60
1799 1802 120
1799 1844 60
1799 2712 60
1800 1802 90
1800 2712 30
1801 1803 60
1802 1804 60
1802 2712 120
1803 1804 60
1805 1809 30
1805 1831 270
1806 1807 30
1806 1808 60
1806 1820 120
1806 1838 200
1806 2069 180
1807 1808 30
1808 1831 60
1808 1846 240
1808 2069 180
1808 2717 30
1810 1812 30
1810 1816 120
1810 3053 90
1811 1814 60
1811 1817 60
1812 1813 20
1812 1815 30
1813 1815 60
1813 1817 60
1813 3054 20
1816 3053 30
1818 1819 120
1818 1822 60
1818 1837 480
1818 1980 180
1819 1821 120
1819 1980 240
1819 2069 120
1819 2723 180
1820 1821 60
1820 2723 120
1821 1822 60
1821 2723 120
1823 1825 180
1823 1829 60
1823 1830 90
1823 1832 30
1823 1836 330
1824 1825 60
1824 1828 60
1824 1836 60
1824 1837 30
1825 1826 120
1825 1829 120
1825 1832 120
1825 1834 120
1825 1835 60
1825 1837 60
1826 1837 30
1827 1833 120
1827 1836 120
1827 3051 120
1828 1836 120
1828 1837 120
1829 1830 180
1829 1832 120
1829 1833 60
1829 1834 60
1829 1835 60
1830 1832 180
1830 1834 300
1830 1835 240
1831 1834 60
1831 2717 60
1832 1834 90
1832 1838 60
1833 3051 60
1836 1837 120
1838 1841 60
1838 3049 20
1839 1840 60
1839 1841 60
1839 1842 120
1840 1842 120
1841 3050 20
1842 2724 120
1843 1844 60
1843 1845 60
1843 3052 60
1844 2712 240
1845 1846 120
1845 3052 60
1846 3048 240
1847 1849 30
1847 1850 60
1847 1851 30
1847 1864 240
1847 1869 60
1847 1882 300
1849 1859 420
1849 1863 240
1849 1881 60
1851 1852 60
1853 1854 30
1853 1855 30
1854 1857 360
1854 1873 360
1855 1864 300
1856 1865 60
1856 1870 30
1857 1860 120
1857 1872 60
1857 1873 60
1857 1875 120
1857 1876 240
1857 1878 180
1858 1870 30
1859 1863 60
1859 1883 150
1859 2381 180
1859 2611 180
1859 2619 180
1860 1862 180
1860 1871 180
1860 1875 180
1860 1877 60
1861 1874 180
1861 1876 180
1861 1878 60
1861 1879 180
1863 1881 120
1863 1882 360
1863 1883 210
1864 1867 120
1864 1868 120
1864 1869 60
1864 1870 120
1865 1866 30
1866 1867 30
1871 1872 60
1871 1875 60
1871 1877 60
1872 1873 60
1874 1879 60
1874 2065 120
1875 1876 120
1875 1877 180
1875 1878 120
1875 1879 60
1875 1880 180
1876 1879 180
1876 1880 60
1878 1879 120
1882 1884 60
1882 2608 120
1883 1884 30
1883 2608 240
1884 2608 300
1885 1886 60
1885 1887 120
1885 2781 60
1885 2805 120
1886 2511 60
1887 2805 240
1888 1902 60
1889 1894 60
1889 1903 240
1890 1902 60
1890 1913 120
1891 1892 120
1891 1899 420
1891 1903 300
1891 1910 120
1892 1910 180
1893 1894 60
1893 1902 240
1893 1903 120
1893 2879 420
1894 1906 240
1895 1898 60
1895 1901 60
1896 1897 120
1896 1901 60
1896 1913 120
1898 1899 60
1899 1900 60
1899 1901 180
1900 1911 60
1901 1913 120
1902 1905 120
1902 1913 180
1902 2646 360
1902 2879 180
1903 1905 180
1903 1906 60
1904 1906 60
1904 1908 180
1904 1909 60
1905 1906 300
1906 1908 60
1906 1910 60
1907 1909 120
1907 1912 60
1909 1910 120
1910 1911 60
1910 1912 60
1914 1915 60
1915 1925 120
1915 1941 120
1916 1936 120
1916 1937 120
1916 1938 180
1917 1926 30
1917 1927 120
1917 2377 30
1917 2388 120
1918 1919 30
1918 2385 60
1919 1942 30
1920 1921 60
1920 2387 60
1921 1925 120
1922 1924 20
1922 1935 60
1923 1924 20
1923 1935 20
1925 1942 120
1926 1927 60
1927 1928 30
1927 1934 120
1927 3093 180
1928 1932 20
1928 2707 240
1929 1929 30
1929 1930 60
1929 1933 30
1929 1934 30
1929 2707 60
1930 1931 120
1930 1933 60
1930 1934 60
1930 1936 300
1930 1938 240
1931 1933 30
1931 1940 60
1932 1934 20
1933 1936 240
1933 1937 540
1934 1935 120
1935 2707 60
1936 1937 60
1936 1943 180
1938 2384 240
1939 1940 60
1939 1943 180
1941 1942 30
1942 2385 120
1944 1971 30
1944 1977 30
1945 1952 30
1945 1957 30
1946 1947 30
1946 1972 30
1947 1978 30
1948 1949 60
1948 1976 60
1949 1973 60
1950 1971 30
1950 1976 60
1951 1952 30
1951 1955 30
1952 1954 60
1952 1974 60
1953 1975 30
1953 1978 30
1954 1966 60
1955 1975 30
1956 1959 30
1956 1960 30
1957 1959 30
1958 1962 60
1958 1965 30
1960 1963 30
1960 1969 30
1961 1964 60
1961 1965 30
1962 1963 30
1964 1967 30
1966 1967 30
1968 1970 60
1968 1972 60
1970 1973 60
1974 1977 30
1979 1983 120
1979 1988 60
1980 1993 300
1980 2000 120
1980 2089 240
1980 2094 240
1981 1982 60
1982 1993 60
1983 2002 60
1983 2004 30
1984 2003 90
1985 1986 60
1985 2269 120
1985 2283 180
1986 2001 60
1987 1998 60
1987 1999 60
1988 1990 60
1989 1995 60
1989 1997 60
1989 3073 180
1990 1994 60
1990 1998 60
1991 1992 180
1991 1996 120
1991 1997 60
1991 3074 30
1992 1994 60
1992 1996 60
1993 1994 120
1993 1996 120
1994 1998 120
1994 3076 60
1995 1999 60
1996 3066 60
1996 3068 120
1997 2000 60
1997 3074 60
1998 3076 60
2001 2002 60
2002 2003 30
2002 2004 30
2003 2004 30
2005 2015 120
2005 2020 120
2007 2012 300
2007 2013 60
2007 2021 60
2007 2663 60
2008 2009 120
2008 2023 120
2009 2010 60
2009 2742 180
2010 2017 120
2011 2012 60
2011 2015 60
2012 2663 300
2013 2018 120
2013 2021 120
2013 2663 60
2014 2016 120
2016 3069 120
2017 2019 120
2017 2742 120
2018 2019 60
2020 2076 60
2020 3069 120
2021 2663 60
2022 2023 60
2022 2024 60
2025 2026 60
2025 2030 60
2026 2036 60
2027 2053 60
2027 2056 180
2027 2057 180
2028 2035 60
2028 2041 60
2029 2030 60
2029 2675 180
2030 2048 180
2031 2038 30
2031 2043 120
2032 2033 60
2032 2034 60
2033 2034 60
2033 2061 60
2035 2037 60
2035 2053 180
2036 2038 30
2037 2038 60
2038 2038 30
2038 2039 60
2038 2050 360
2038 2052 600
2038 2056 300
2038 2059 420
2038 2428 840
2039 2042 240
2039 2056 180
2039 2057 180
2039 2058 180
2040 2048 240
2040 2049 240
2040 2675 60
2041 2045 180
2042 2059 180
2042 2675 180
2042 2748 60
2043 2044 60
2044 2045 120
2044 2046 60
2044 2047 60
2045 2046 60
2045 2047 120
2047 2410 120
2047 2424 420
2050 2052 120
2050 2056 240
2051 2052 60
2051 2061 60
2051 2062 60
2051 3020 120
2052 2054 60
2053 2055 60
2055 2061 60
2055 2062 120
2055 3020 120
2056 2059 120
2056 3077 120
2057 2060 120
2058 2059 60
2059 2060 60
2059 2640 60
2059 2748 60
2059 2767 240
2059 3077 120
2061 2062 60
2061 3020 300
2062 2776 240
2063 2069 60
2063 2073 180
2063 2085 180
2064 2066 120
2064 2103 60
2064 2104 60
2064 2116 120
2064 3091 120
2065 2071 180
2065 2129 240
2066 2104 60
2067 2079 120
2067 2088 120
2068 2093 120
2068 2701 120
2069 2112 120
2069 2791 180
2070 2071 120
2070 2121 180
2070 2123 60
2071 2129 60
2072 2074 60
2072 2084 300
2073 2074 60
2073 2085 300
2075 2078 60
2075 2079 120
2075 3006 60
2076 2077 120
2076 2081 120
2076 3065 180
2077 2078 120
2077 3065 120
2078 2107 300
2080 2081 60
2080 2082 60
2083 2084 60
2083 2099 180
2085 2114 360
2086 2087 60
2086 2108 120
2086 2111 60
2087 2088 60
2087 2124 120
2088 2105 240
2088 2124 180
2089 2091 30
2089 2092 120
2089 2096 60
2090 2091 30
2090 2095 60
2090 2096 60
2090 2103 180
2091 2094 30
2091 2095 30
2092 2094 60
2092 2096 60
2092 2097 60
2093 2095 60
2093 2701 60
2094 2096 60
2095 2701 120
2096 2103 180
2097 2098 60
2098 2109 120
2099 2100 60
2099 2101 120
2100 2101 60
2101 2102 60
2102 3006 60
2103 2116 120
2103 2125 120
2103 2126 120
2105 2107 300
2106 2107 120
2106 2876 120
2106 2877 60
2107 2130 420
2107 2875 60
2108 2115 60
2109 2110 120
2110 2112 180
2110 2113 60
2110 2791 300
2111 2114 60
2112 2113 180
2112 2791 120
2113 2114 120
2113 2116 120
2113 2117 120
2113 3070 60
2114 2115 60
2116 3091 120
2117 2125 120
2118 2123 60
2118 2128 60
2119 2120 60
2119 2122 60
2119 2123 120
2119 3061 120
2120 2121 60
2121 2123 120
2122 2123 60
2122 2130 240
2122 3061 60
2123 3061 60
2124 2125 120
2124 2128 60
2125 2126 60
2126 2127 60
2126 2128 60
2127 2128 60
2127 2129 60
2128 3061 180
2130 2877 120
2131 2133 60
2131 2198 60
2132 2133 60
2132 2242 60
2134 2197 120
2134 2242 60
2135 2148 60
2135 2187 60
2136 2139 120
2136 2140 60
2136 2147 60
2137 2139 60
2137 2146 60
2137 2148 60
2138 2146 120
2138 2147 60
2138 2184 120
2139 2140 60
2139 2142 60
2139 2146 120
2140 2141 60
2140 2142 60
2141 2143 60
2143 2145 60
2144 2146 60
2144 2184 120
2145 2200 60
2146 2148 60
2149 2152 120
2149 2155 120
2150 2151 60
2150 2155 60
2150 2213 120
2150 2217 120
2150 2218 120
2151 2157 60
2152 2160 60
2153 2154 60
2153 2192 60
2154 2155 60
2154 2156 60
2154 2159 120
2156 2186 60
2157 2193 60
2157 2214 60
2158 2159 30
2158 2160 30
2161 2165 30
2161 2224 60
2162 2163 30
2162 2201 60
2163 2164 90
2163 2165 0
2164 2188 120
2166 2167 120
2166 2172 30
2166 2178 120
2166 2181 60
2167 2169 60
2168 2173 30
2168 2175 30
2168 2179 90
2169 2278 120
2170 2175 60
2170 2183 60
2171 2178 60
2171 2264 120
2172 2173 30
2174 2691 30
2175 2175 60
2175 2179 120
2175 2182 60
2176 2181 30
2176 2182 30
2177 2179 60
2177 2243 120
2177 2254 60
2177 2691 90
2179 2691 120
2180 2183 30
2180 2691 0
2184 2185 30
2184 2186 120
2187 2271 60
2188 2189 60
2188 2191 30
2189 2193 60
2190 2190 20
2190 2198 20
2190 2225 60
2191 2196 0
2193 2193 30
2193 2261 30
2194 2202 60
2194 2203 60
2195 2273 120
2195 2284 60
2196 2196 30
2196 2200 30
2196 2224 120
2196 2272 30
2198 2225 60
2199 2281 120
2201 2277 30
2202 2203 60
2202 2207 60
2202 2240 60
2202 2871 30
2203 2204 60
2203 2209 60
2203 2210 30
2203 2238 180
2204 2206 30
2204 2209 30
2204 2222 60
2205 2207 30
2205 2210 30
2206 2210 30
2206 2222 120
2208 2209 60
2208 2279 60
2211 2215 120
2211 2690 60
2212 2214 60
2212 2261 60
2213 2213 30
2213 2214 60
2213 2217 30
2215 2216 240
2215 2218 60
2215 2219 120
2215 2233 60
2216 2217 120
2216 2233 120
2216 2260 600
2217 2218 120
2217 2219 120
2220 2224 120
2220 3019 30
2221 2222 30
2221 2223 30
2223 2224 30
2224 2224 30
2225 2226 60
2226 2231 60
2227 2231 60
2227 2235 60
2227 2260 240
2228 2230 60
2228 2231 180
2229 2230 60
2229 2235 60
2231 2233 60
2231 2234 60
2231 2260 420
2232 2234 60
2232 2690 60
2233 2233 30
2233 2234 30
2233 2235 180
2233 2236 30
2235 2235 30
2235 2236 120
2235 2242 90
2236 2255 60
2236 2265 60
2237 2237 30
2237 2239 30
2238 2239 60
2238 2240 60
2240 2871 30
2241 2251 30
2241 2252 60
2242 2247 60
2242 2248 240
2243 2249 60
2243 2254 60
2244 2245 120
2244 2247 60
2244 2254 120
2244 2262 60
2245 2246 30
2245 2262 60
2246 2253 30
2248 2252 60
2249 2250 60
2250 2250 60
2251 2251 30
2252 2253 30
2254 2262 180
2255 2265 60
2256 2257 60
2256 2258 90
2256 2260 60
2256 2263 60
2256 2265 60
2257 2260 120
2257 2262 60
2258 2259 0
2258 2263 120
2261 2261 30
2261 2263 60
2261 2264 30
2266 2267 60
2266 2268 60
2266 2269 60
2266 2271 60
2267 2270 60
2268 2270 60
2272 2272 30
2272 2274 60
2272 2275 60
2273 2274 60
2275 3019 30
2276 2278 30
2276 2280 30
2277 2278 0
2279 2280 30
2281 2283 60
2282 2283 60
2282 2284 60
2285 2288 120
2285 2301 180
2285 2307 180
2285 2310 120
2285 2315 120
2286 2307 180
2286 2308 180
2287 2288 60
2287 2315 120
2289 2310 180
2289 2703 180
2290 2292 120
2290 2293 240
2290 2296 60
2290 2312 120
2290 2314 60
2290 2316 120
2291 2299 180
2291 2300 180
2291 2304 60
2291 2311 180
2291 2750 60
2292 2294 240
2292 2295 240
2292 2310 60
2293 2296 180
2293 2305 120
2293 2312 180
2293 2314 180
2293 2315 300
2294 2295 60
2294 2303 180
2295 2296 60
2295 2303 120
2297 2306 30
2297 2307 120
2298 2302 120
2299 2300 60
2299 2311 240
2300 2311 180
2301 2307 240
2302 2303 60
2304 2313 120
2306 2308 30
2307 2308 60
2309 2310 120
2311 2313 60
2312 2314 60
2313 2314 60
2313 2898 120
2314 2315 60
2314 2316 60
2315 2316 180
2316 2898 60
2317 2323 30
2318 2321 60
2318 2322 60
2318 2324 30
2318 2351 30
2318 2356 60
2319 2322 120
2319 2323 120
2320 2321 60
2320 2697 60
2321 2714 120
2323 2324 60
2325 2328 120
2325 2330 120
2325 2342 60
2325 2364 60
2326 2327 60
2326 2331 60
2327 2330 60
2328 2329 60
2329 2331 60
2330 2332 60
2330 2342 120
2330 2344 240
2330 2364 120
2332 2333 60
2334 2336 60
2334 2362 60
2335 2336 60
2335 2337 60
2335 2348 120
2336 2337 60
2337 2339 60
2338 2340 60
2338 2341 60
2338 2648 60
2339 2344 180
2340 2352 60
2341 2344 60
2342 2344 120
2343 2344 120
2343 2352 120
2343 2361 60
2344 2344 420
2344 2352 180
2344 2361 180
2345 2346 120
2346 2347 60
2346 2348 60
2347 2349 180
2348 2349 240
2349 2363 120
2350 2351 60
2350 2354 60
2350 2359 60
2350 2649 60
2351 2354 120
2352 2355 60
2352 2361 60
2352 2650 120
2353 2355 60
2353 2359 120
2353 2360 60
2354 2360 120
2355 2360 60
2356 2359 180
2357 2358 60
2357 2360 60
2357 2361 120
2358 2359 60
2360 2361 120
2362 2363 60
2362 2364 60
2365 2367 30
2365 2369 0
2366 2368 60
2366 2370 60
2366 2371 60
2367 2369 60
2367 2371 60
2368 2368 60
2368 2371 60
2368 2372 30
2370 2372 30
2372 2373 60
2374 2391 60
2374 2393 120
2374 2394 60
2375 2380 480
2375 2385 120
2375 2398 120
2376 2382 60
2376 2383 120
2376 2391 120
2376 2392 30
2377 2388 60
2377 3093 180
2378 2379 180
2378 2380 120
2378 2395 60
2379 2380 60
2379 2381 120
2380 2397 120
2380 2398 240
2380 2609 420
2380 2611 180
2380 2625 420
2381 2611 240
2382 2388 60
2382 2397 180
2383 2384 60
2383 2386 300
2383 2388 120
2383 2389 120
2383 2392 180
2383 2396 180
2385 2386 180
2386 2387 60
2386 2388 180
2386 2395 120
2386 2396 240
2389 2390 30
2389 2392 30
2390 2391 0
2391 2392 180
2393 2394 60
2393 2600 120
2394 2600 120
2396 2397 60
2397 2398 60
2399 2400 60
2399 2401 60
2399 2413 120
2400 2411 120
2401 2402 60
2402 2415 60
2403 2404 60
2403 2406 120
2403 2410 60
2404 2405 60
2404 2406 60
2405 2409 120
2405 2427 60
2405 2428 120
2406 2412 60
2407 2408 60
2407 2419 60
2408 2424 60
2409 2412 60
2409 2427 60
2409 2428 120
2411 2421 180
2411 2426 120
2411 2428 180
2412 2417 120
2413 2421 60
2413 2428 240
2414 2416 60
2415 2416 60
2417 2418 60
2418 2424 60
2419 2422 60
2420 2421 60
2420 2422 60
2421 2426 240
2421 2428 240
2423 2425 60
2424 2425 60
2426 2427 60
2426 2428 60
2427 2428 60
2428 2760 180
2429 2431 60
2429 2433 60
2430 2433 60
2430 2458 60
2431 2432 60
2432 2441 360
2432 2990 120
2434 2441 180
2434 2442 60
2434 2990 60
2435 2436 60
2435 2437 60
2436 2454 60
2437 2438 120
2438 2439 60
2439 2442 60
2440 2441 60
2440 2453 180
2443 2444 60
2444 2456 60
2445 2451 60
2445 2487 180
2445 2537 120
2445 3078 120
2446 2447 120
2446 2449 60
2446 2464 120
2447 2449 120
2447 2884 60
2448 2449 120
2448 2450 60
2449 2464 240
2451 2464 120
2452 2453 60
2452 2454 60
2455 2457 60
2455 2463 120
2456 2462 120
2457 2462 60
2458 2459 60
2458 2460 120
2459 2461 60
2459 2464 120
2459 3059 60
2460 2461 60
2460 2464 180
2460 3081 60
2461 2464 60
2462 2463 60
2463 3059 60
2463 3081 60
2465 2470 60
2465 2478 60
2466 2467 60
2466 2469 60
2467 2468 60
2468 2470 60
2469 2488 60
2471 2474 60
2471 2506 120
2472 2473 60
2472 2474 60
2473 2525 60
2475 2476 60
2475 2477 120
2475 2479 60
2476 2477 60
2476 2479 60
2477 2481 60
2478 2480 60
2479 2480 60
2481 2536 60
2482 2483 60
2482 2507 60
2482 2508 120
2483 2498 60
2484 2492 120
2484 2503 60
2485 2486 60
2485 2489 60
2486 2505 60
2487 2537 120
2487 2538 60
2487 3078 60
2488 2501 60
2489 2510 60
2490 2492 120
2490 2524 120
2491 2493 60
2491 2529 60
2493 2521 60
2494 2516 120
2494 2678 180
2494 2779 180
2495 2496 60
2495 2497 60
2495 2508 180
2496 2497 60
2496 2508 180
2498 2506 60
2498 2745 540
2498 2825 240
2499 2501 60
2499 2502 60
2500 2502 60
2500 2531 480
2500 2535 300
2500 2719 60
2503 2504 60
2504 2505 60
2504 2511 60
2505 2513 60
2507 2508 120
2508 2677 180
2509 2510 60
2509 2521 60
2511 2512 60
2512 2513 60
2512 2744 60
2513 2744 60
2514 2515 60
2514 2538 300
2514 3078 420
2515 2518 120
2516 2517 60
2517 2535 60
2517 2779 300
2517 2839 360
2517 2840 420
2517 2991 120
2518 2519 60
2519 2535 240
2519 2719 120
2519 2991 240
2520 2523 60
2520 2526 60
2520 2533 120
2520 2535 240
2522 2526 60
2522 2527 60
2522 2528 60
2523 2532 60
2524 2528 120
2525 2532 60
2526 2527 60
2527 2528 60
2527 2534 60
2529 2530 60
2530 2531 180
2530 2533 120
2530 2535 120
2530 2719 60
2530 2991 120
2531 2535 120
2533 2534 60
2533 2535 120
2533 2991 120
2535 2779 360
2535 2991 60
2536 2539 60
2537 2539 60
2537 3078 120
2540 2545 60
2541 2541 0
2541 2545 30
2541 2546 60
2542 2544 60
2543 2545 30
2543 2572 60
2544 2546 60
2544 2561 60
2547 2548 120
2547 2579 60
2548 2549 60
2548 2579 60
2549 2555 60
2549 2564 180
2549 2583 300
2550 2554 60
2550 2555 60
2550 2567 180
2550 2747 120
2551 2552 60
2551 2557 60
2551 2584 60
2552 2559 60
2553 2554 60
2553 2586 30
2553 2594 120
2555 2747 60
2556 2557 60
2556 2594 60
2558 2562 240
2558 2570 60
2559 2567 120
2559 2747 60
2560 2582 120
2562 2563 60
2562 2573 120
2562 2579 300
2563 2579 240
2564 2565 60
2564 2689 60
2565 2567 60
2566 2568 60
2566 2689 60
2567 2747 60
2569 2570 30
2569 2583 30
2570 2573 390
2571 2572 60
2571 2588 60
2573 2576 60
2573 2577 180
2573 2578 120
2573 3085 1080
2574 2575 60
2574 2577 60
2574 2578 60
2575 2579 60
2576 2577 60
2576 2578 60
2577 2578 60
2580 2581 60
2581 2587 60
2581 2588 120
2582 2587 120
2582 2588 120
2582 2589 60
2583 2588 30
2584 2594 60
2585 2590 60
2585 2596 60
2586 2590 30
2587 2588 60
2587 2592 120
2588 2589 120
2588 2591 90
2588 2593 60
2591 2593 60
2591 2596 60
2591 2597 30
2592 2594 60
2592 2597 120
2594 2595 120
2594 2597 60
2598 2599 60
2598 2601 30
2598 2609 180
2598 2610 30
2598 2626 180
2599 2609 210
2599 2808 240
2599 2852 780
2600 2601 120
2602 2603 60
2602 2608 60
2603 2621 180
2604 2606 180
2604 2607 120
2604 2631 120
2605 2606 60
2605 2607 60
2606 2630 150
2607 2630 120
2609 2610 30
2609 2620 240
2609 2624 30
2609 2625 30
2609 2627 30
2609 2628 60
2610 2627 120
2611 2612 30
2611 2619 120
2611 2620 120
2612 2613 30
2613 2615 60
2614 2615 30
2614 2616 30
2616 2627 60
2617 2618 60
2617 2621 180
2618 2628 60
2619 2620 60
2622 2623 180
2622 2624 180
2622 2625 180
2622 2626 180
2622 2629 90
2622 2631 120
2623 2625 240
2623 2626 60
2623 3046 120
2624 2625 60
2624 2626 240
2624 2628 60
2625 2626 240
2629 2630 30
2632 2634 60
2632 2639 60
2633 2637 60
2634 2637 60
2635 2638 120
2635 2639 120
2636 2638 120
2640 3038 120
2641 2770 60
2646 2879 120
2647 2662 60
2648 2650 120
2649 2714 60
2652 2653 60
2653 2654 120
2653 2657 120
2653 2660 30
2654 2655 60
2654 2660 90
2654 3088 60
2655 2656 60
2656 2659 60
2657 2658 60
2657 2660 120
2658 2659 60
2660 3088 210
2661 3025 60
2662 2728 60
2666 2720 30
2671 3037 300
2676 2677 60
2676 2679 60
2678 2679 60
2678 2815 360
2680 2706 180
2681 2682 60
2682 2683 60
2683 2867 120
2685 2686 60
2685 2687 60
2686 2687 240
2687 3072 60
2689 2696 30
2696 2696 30
2703 2750 300
2705 3062 60
2706 2886 120
2708 3041 60
2711 2721 90
2713 3005 120
2716 2721 60
2717 2718 30
2722 2725 180
2725 2893 120
2730 2731 60
2733 2735 30
2734 2874 60
2735 2986 90
2736 2737 60
2739 3086 30
2740 2893 60
2745 2827 120
2754 2865 120
2754 2866 120
2754 3092 120
2756 3036 60
2757 2778 180
2757 2814 360
2758 2764 60
2758 2831 60
2759 2771 60
2759 2834 60
2761 2772 60
2761 2789 60
2762 2777 120
2762 2846 180
2763 2793 120
2763 2822 120
2764 2850 120
2765 2766 60
2770 2782 120
2771 2795 60
2772 2854 120
2773 2794 120
2773 2856 180
2775 2803 120
2775 2846 180
2777 2807 120
2778 2852 360
2779 2815 240
2781 2805 60
2782 3038 120
2783 2836 180
2784 2811 60
2784 2842 60
2787 2802 60
2787 2813 60
2788 2900 240
2788 2985 180
2789 2803 120
2790 2794 120
2790 2807 120
2791 3070 240
2792 2822 120
2792 2854 120
2793 2821 300
2795 2851 180
2796 2802 120
2796 2888 120
2797 2828 420
2797 2837 240
2797 2850 180
2798 2809 180
2798 2842 240
2798 2843 60
2799 2800 120
2799 2816 120
2800 2845 120
2801 2819 180
2801 2830 120
2804 2855 180
2804 2895 120
2806 2819 120
2806 2835 180
2806 2853 480
2809 2842 180
2810 2816 120
2810 2830 180
2811 2817 60
2812 2817 60
2812 2903 720
2813 2831 60
2814 2846 660
2815 2825 120
2818 2853 180
2818 2897 180
2819 2835 240
2819 2849 240
2819 2853 600
2820 2832 180
2820 2833 240
2821 2833 120
2823 2824 120
2823 2855 240
2826 2832 120
2826 2847 240
2827 2840 60
2828 2837 120
2828 2843 120
2828 2850 600
2829 2836 180
2829 3087 120
2834 2842 120
2835 2853 240
2837 2850 420
2838 2856 60
2838 3087 120
2839 2840 300
2841 2842 120
2841 2851 300
2842 2842 60
2842 2843 420
2842 2846 660
2842 2851 540
2842 2888 420
2844 2846 180
2846 2851 240
2846 2960 540
2846 2963 1140
2848 2849 180
2848 2850 240
2849 2850 420
2853 2896 420
2853 2897 300
2857 2902 30
2858 2864 60
2859 2863 60
2860 2861 60
2863 2870 60
2864 2870 60
2865 2866 120
2866 3092 180
2868 2869 60
2874 2986 120
2875 2876 60
2881 2882 60
2882 2997 120
2883 2997 60
2885 2996 180
2886 2887 120
2894 3092 120
2895 2896 360
2896 2897 120
2897 2949 900
2899 2989 60
2900 2985 180
2901 2902 30
2906 2908 180
2906 2930 300
2907 2908 240
2907 2930 360
2908 2910 540
2909 2935 300
2909 2937 180
2910 2911 300
2910 2912 180
2910 2932 1080
2910 2934 1260
2910 2935 1620
2910 2936 720
2910 2938 360
2910 2951 540
2911 2912 120
2911 2937 240
2911 2938 120
2913 2916 360
2913 2918 180
2913 2921 480
2914 2915 60
2914 2918 360
2914 2941 900
2914 2943 180
2914 3001 120
2915 2919 120
2916 3000 360
2917 2922 420
2917 3000 480
2918 2919 120
2918 2921 420
2918 2926 720
2918 2945 300
2918 2947 300
2918 2999 780
2920 2923 480
2920 2927 360
2921 2922 840
2921 2923 360
2921 2926 300
2924 2926 180
2924 2946 480
2925 2926 300
2925 2976 840
2925 2977 420
2926 2928 420
2926 2946 540
2926 2953 840
2926 2963 2160
2926 2975 1620
2926 2977 720
2926 2999 480
2927 2928 300
2929 2934 420
2929 2948 180
2930 2931 900
2930 2945 300
2931 2932 240
2931 2947 360
2932 2936 360
2933 2934 480
2933 2948 240
2934 2951 540
2935 2937 420
2937 2938 180
2939 2940 180
2939 2946 420
2941 2943 360
2941 2944 180
2941 2949 1680
2941 2950 420
2941 3002 240
2942 2943 120
2942 2944 60
2943 3001 120
2948 2954 180
2949 2950 240
2950 3002 180
2952 2954 120
2952 2955 180
2953 2955 240
2956 2958 420
2956 2959 360
2956 2983 240
2956 3009 180
2957 2960 180
2957 2974 120
2958 2959 60
2958 2978 180
2959 3008 120
2959 3009 240
2960 2961 120
2960 2963 360
2962 2964 540
2962 2972 180
2962 2975 60
2962 3007 180
2963 2967 60
2963 2968 1500
2963 2970 360
2963 2971 240
2963 2973 120
2964 2965 180
2964 2972 240
2965 2968 120
2965 2979 120
2966 2967 120
2966 2974 60
2968 2969 60
2968 2970 660
2968 2971 1560
2968 2975 300
2968 2980 300
2969 3007 60
2970 2971 600
2971 2973 60
2971 2975 60
2971 2976 480
2975 2976 180
2975 2977 540
2975 2980 600
2976 2977 300
2978 2980 180
2979 2980 120
2981 2982 120
2981 2983 180
2982 2983 300
2982 2984 60
2982 3010 240
2984 3010 180
2993 3079 60
2994 2995 60
2997 3045 120
3003 3004 180
3003 3012 600
3003 3013 420
3003 3040 300
3004 3040 60
3008 3009 120
3010 3014 120
3010 3017 240
3011 3012 120
3011 3016 120
3011 3017 480
3012 3013 240
3012 3040 360
3013 3040 120
3014 3017 120
3015 3016 180
3015 3017 180
3022 3023 60
3026 3027 60
3027 3035 60
3028 3031 60
3028 3032 60
3029 3033 60
3030 3031 60
3030 3033 60
3032 3034 60
3034 3035 60
3042 3043 240
3046 3083 60
3047 3048 60
3049 3050 20
3066 3067 60
3067 3068 120
3071 3072 60
3073 3074 30
3074 3075 30
3075 3076 60
